00233547822075 
00233547093672 
00233245322159 
00233548778153 
00233542852992 
00233548064188 
00233246498847 
00233547919070 
00233545603406 
00233242625425 
00233243421278 
00233545095046 
00233543631244 
00233542994084 
00233540120286 
00233247181864 
00233248905689 
00233242745496 
00233547260911 
00233548245952 
00233542533072 
00233546859738 
00233546772671 
00233547663602 
00233543230634 
00233547369626 
00233541380163 
00233247593329 
00233245294366 
00233544671447 
00233547936916 
00233549311870 
00233542136081 
00233247941327 
00233240629349 
00233241268338 
00233546561817 
00233549677295 
00233540171650 
00233548535623 
00233241423630 
00233546058688 
00233545953464 
00233241147258 
00233246696652 
00233547979230 
00233543150790 
00233549960033 
00233240263392 
00233546337917 
00233248684536 
00233542254468 
00233249378087 
00233243895077 
00233248767420 
00233540426233 
00233248927999 
00233247882113 
00233549743320 
00233546614677 
00233241584733 
00233249436037 
00233542150557 
00233549996904 
00233548223501 
00233246112572 
00233540385855 
00233248630492 
00233549954620 
00233548938546 
00233242561063 
00233543752365 
00233546241405 
00233547859910 
00233249936616 
00233246141543 
00233249558524 
00233241798699 
00233543067329 
00233547304485 
00233541509518 
00233545684592 
00233243876093 
00233542255750 
00233542901711 
00233547903915 
00233549579567 
00233247528078 
00233247464046 
00233548542328 
00233249013672 
00233540391138 
00233540414679 
00233545492039 
00233248626391 
00233547575793 
00233541818380 
00233543641974 
00233548511391 
00233541687648 
00233540509633 
00233249562358 
00233540378209 
00233542234787 
00233548114349 
00233542272669 
00233545123684 
00233247014959 
00233243791524 
00233549860428 
00233242395488 
00233540453337 
00233240951328 
00233247344736 
00233244788540 
00233240427250 
00233540879851 
00233240872573 
00233242140523 
00233247006973 
00233245444521 
00233544685993 
00233549183179 
00233245389542 
00233548231872 
00233547509285 
00233543628726 
00233548484996 
00233546166837 
00233248714101 
00233240369503 
00233243329640 
00233541553050 
00233241762305 
00233547881534 
00233249933545 
00233543520366 
00233248256851 
00233544987279 
00233246647886 
00233548625951 
00233548212354 
00233545391244 
00233548407679 
00233548002847 
00233548518625 
00233545447497 
00233245292112 
00233541138725 
00233547914959 
00233544697698 
00233549347029 
00233544712043 
00233543098948 
00233541326596 
00233546234185 
00233245191171 
00233242533486 
00233249009830 
00233548884509 
00233241101612 
00233249199995 
00233545091630 
00233546158422 
00233247874133 
00233543112216 
00233243538863 
00233241634674 
00233545455378 
00233545423337 
00233241971423 
00233240081491 
00233245942907 
00233546701685 
00233240033987 
00233545239172 
00233547989690 
00233244573055 
00233244574590 
00233543984247 
00233548083795 
00233247365070 
00233241662032 
00233545115958 
00233240153298 
00233242750300 
00233546423951 
00233249561240 
00233547870748 
00233243769832 
00233243996783 
00233546803212 
00233246091552 
00233546818502 
00233544680919 
00233247309995 
00233242988471 
00233245535368 
00233548127003 
00233244545524 
00233546462850 
00233547783848 
00233246858637 
00233249523011 
00233548012316 
00233548043512 
00233541231151 
00233544856233 
00233542041839 
00233244361362 
00233246126273 
00233545613462 
00233542504873 
00233541005165 
00233245225735 
00233545595919 
00233541986432 
00233548387430 
00233545870393 
00233240152516 
00233240190670 
00233549687276 
00233241567810 
00233241834579 
00233241507029 
00233548970558 
00233245485847 
00233544870739 
00233546728476 
00233544851773 
00233549910902 
00233244846321 
00233242771418 
00233244391219 
00233249065154 
00233542251458 
00233243562514 
00233242297334 
00233540938996 
00233545449417 
00233247189584 
00233249562763 
00233243242265 
00233549555257 
00233547870059 
00233247865227 
00233242794445 
00233541686229 
00233248771751 
00233544473570 
00233548413920 
00233544702961 
00233240170875 
00233247605008 
00233241524117 
00233541677659 
00233543618482 
00233247903471 
00233545260953 
00233243621363 
00233249987354 
00233546600285 
00233546242755 
00233246070604 
00233542711341 
00233549432576 
00233545063675 
00233547657095 
00233546511253 
00233543847193 
00233248018618 
00233547098634 
00233240834319 
00233246594467 
00233242392993 
00233248668368 
00233541476953 
00233542840392 
00233240921307 
00233548897926 
00233543133556 
00233247715845 
00233240391779 
00233548530696 
00233548259245 
00233240126920 
00233243544579 
00233240700962 
00233549295661 
00233240906847 
00233548059211 
00233548252947 
00233543136947 
00233245727815 
00233545637045 
00233245371557 
00233246302167 
00233546637940 
00233543040614 
00233240489801 
00233245417644 
00233244319975 
00233240112947 
00233240564616 
00233241062126 
00233243252387 
00233546238916 
00233549627807 
00233249971805 
00233542981140 
00233546301679 
00233548835795 
00233547959328 
00233541341160 
00233540902225 
00233242670390 
00233246490933 
00233248882108 
00233546891624 
00233544603240 
00233249607821 
00233540884583 
00233541271331 
00233248532732 
00233542716194 
00233549306738 
00233540911081 
00233249807388 
00233240593829 
00233540817443 
00233547714379 
00233546842749 
00233549211586 
00233549517224 
00233249726038 
00233242751742 
00233245798337 
00233546945124 
00233543093787 
00233541641351 
00233545766488 
00233244354978 
00233242596556 
00233543374963 
00233243464687 
00233249009351 
00233545124912 
00233243894099 
00233544568847 
00233546902126 
00233245622101 
00233544391862 
00233242138106 
00233243661808 
00233248414721 
00233246876857 
00233543486334 
00233541868572 
00233241122378 
00233246854482 
00233540943340 
00233242899828 
00233240192919 
00233548546928 
00233540679122 
00233249608406 
00233541670305 
00233548939875 
00233249379548 
00233541365597 
00233241707529 
00233246570790 
00233240705120 
00233542257230 
00233241003151 
00233245460170 
00233549584583 
00233543629798 
00233244880383 
00233548816886 
00233547483226 
00233243305955 
00233540263079 
00233248059844 
00233243494179 
00233549731785 
00233546992250 
00233548740672 
00233240691445 
00233544775315 
00233240667877 
00233248072087 
00233542612290 
00233545131436 
00233247980713 
00233549708473 
00233542723188 
00233247851144 
00233249713563 
00233549151903 
00233549206812 
00233548727802 
00233547957164 
00233547456200 
00233248156206 
00233248684360 
00233240846996 
00233243809569 
00233242548639 
00233541314959 
00233546218167 
00233240272168 
00233241022752 
00233241922046 
00233546473375 
00233546643983 
00233246356271 
00233547776653 
00233248509135 
00233540189670 
00233547229282 
00233549671287 
00233541339842 
00233541024274 
00233249081136 
00233547055897 
00233549576481 
00233545198800 
00233247542374 
00233247498562 
00233247890873 
00233543699035 
00233545707818 
00233549685470 
00233241383423 
00233544262653 
00233543166760 
00233540059197 
00233242961664 
